0
6,4,0
5,0
5,1,
1,3,5,4,
1,3,5,5,
6,6,
1,3,0
1,05,
1,06,
1,07,
1,08,
1,09,
1,1,0
1,1,1,
1,1,2,
1,1,3,
1,1,4,
1,1,5,
1,1,6,
1,1,7,
1,1,8,
1,1,9,
1,2,0
1,2,1,
1,2,2,
1,2,3,
1,2,4,
1,2,5,
1,3,1,
1,2,6,
1,2,7,
1,2,8,
1,2,9,
1,3,2,
1,3,3,
1,3,4,
1,3,5,
1,3,6,
1,3,7,
1,3,8,
1,3,9,
1,4,0
1,4,1,
1,4,2,
1,4,3,
1,4,4,
5,2,
5,3,
5,4,
5,5,
5,6,
5,7,
5,8,
5,9,
6,0
6,1,
6,2,
6,3,
6,7,
6,8,
6,9,
7,0
7,1,
7,2,
7,3,
7,4,
7,5,
7,7,
7,8,
7,9,
8,0
8,1,
8,2,
8,3,
8,4,
8,5,
8,6,
8,7,
8,8,
8,9,
9,0
9,1,
9,2,
9,3,
9,4,
9,5,
9,6,
9,7,
9,8,
9,9,
1,00
1,01,
1,02,
1,03,
1,04,
1,4,5,
1,4,6,
1,4,7,
1,4,8,
1,4,9,
1,5,0
1,5,1,
1,5,2,
1,5,3,
1,5,4,
1,5,5,
1,5,6,
1,5,7,
1,5,8,
1,6,0
1,6,1,
1,6,2,
1,6,3,
1,6,4,
1,6,5,
1,6,8,
1,6,6,
1,6,9,
1,6,7,
1,7,0
1,7,4,
1,7,5,
1,7,6,
1,7,1,
1,7,2,
1,7,7,
1,7,3,
1,7,8,
1,7,9,
1,8,0
1,8,1,
1,8,2,
1,8,3,
1,8,4,
1,8,5,
1,8,6,
1,8,7,
1,8,8,
1,8,9,
1,9,0
1,9,1,
1,9,5,
1,9,3,
1,9,4,
1,9,6,
1,9,7,
1,9,8,
1,9,9,
2,02,
2,00
2,01,
2,03,
2,04,
2,06,
2,09,
2,1,0
2,1,2,
2,1,3,
2,1,9,
2,2,0
2,2,1,
2,2,5,
2,2,6,
2,2,7,
2,3,2,
2,3,6,
2,4,0
2,05,
2,07,
2,08,
2,4,2,
2,4,3,
2,4,6,
2,1,1,
2,5,0
2,1,4,
2,1,5,
2,5,1,
2,1,7,
2,1,8,
2,5,3,
2,5,4,
2,5,8,
2,5,9,
2,2,2,
2,2,3,
2,2,4,
2,6,0
2,6,1,
2,2,8,
2,2,9,
2,6,3,
2,3,0
2,6,5,
2,3,1,
2,6,6,
2,6,7,
2,6,8,
2,3,3,
2,3,4,
2,3,5,
2,7,0
2,3,7,
2,3,8,
2,3,9,
2,7,1,
2,7,2,
2,4,1,
2,7,3,
2,4,4,
2,4,5,
2,7,7,
2,4,7,
2,4,8,
2,4,9,
2,7,9,
2,8,0
2,8,1,
2,8,2,
2,5,2,
2,8,3,
2,5,7,
2,8,4,
2,5,5,
2,5,6,
2,8,5,
2,8,7,
2,8,8,
2,6,2,
2,6,4,
2,6,9,
2,7,4,
2,7,5,
3,9,3,
2,7,6,
2,7,8,
2,8,6,
4,2,6,
4,2,7,
4,2,8,
4,2,9,
4,3,0
4,3,5,
4,3,1,
4,3,2,
3,8,9,
3,9,2,
3,9,4,
3,9,5,
3,9,7,
3,9,8,
3,9,9,
4,00
4,01,
4,02,
4,06,
4,08,
4,1,1,
4,1,2,
4,1,6,
4,2,1,
4,2,4,
1,3,2,7,
1,3,2,8,
1,3,2,9,
1,3,3,0
5,2,4,
3,8,5,
3,8,6,
3,8,7,
3,8,8,
1,3,3,6,
1,3,3,7,
1,3,3,8,
3,9,0
1,3,4,0
3,9,1,
4,2,5,
1,3,5,2,
1,3,4,2,
3,9,6,
4,3,3,
4,07,
4,3,6,
4,09,
4,3,7,
4,1,0
4,3,8,
4,1,3,
4,1,5,
4,3,9,
4,1,7,
4,4,0
4,1,8,
4,1,9,
4,4,1,
4,2,0
4,4,2,
4,4,3,
4,2,2,
4,2,3,
4,4,4,
4,4,7,
4,5,0
4,5,2,
4,5,4,
4,3,4,
4,5,8,
4,6,0
4,6,1,
4,6,2,
4,6,6,
4,6,7,
4,6,9,
4,7,3,
4,4,5,
4,4,6,
4,7,4,
4,4,8,
4,7,5,
4,4,9,
4,5,1,
4,7,6,
4,5,3,
4,7,7,
4,5,5,
4,5,6,
4,5,7,
4,5,9,
1,3,4,3,
4,7,9,
4,6,3,
4,6,4,
4,8,0
4,6,5,
4,6,8,
4,8,1,
4,8,2,
4,7,0
4,8,3,
4,8,4,
4,8,5,
4,8,9,
4,8,6,
4,7,1,
4,7,2,
4,8,7,
4,9,1,
1,3,2,4,
4,9,3,
4,9,5,
4,8,8,
4,9,0
4,9,7,
5,00
5,03,
5,05,
5,06,
5,08,
5,09,
5,1,1,
5,1,2,
5,1,3,
5,1,5,
5,1,6,
5,1,7,
5,1,8,
5,1,9,
4,9,2,
5,2,0
4,9,4,
4,9,6,
4,9,8,
5,2,1,
4,9,9,
5,2,2,
5,01,
5,02,
5,04,
5,07,
5,1,0
5,1,4,
5,2,3,
5,2,5,
5,2,6,
5,2,8,
5,2,9,
5,3,0
5,3,1,
5,3,2,
5,3,3,
5,3,4,
5,3,5,
5,2,7,
5,3,6,
5,3,8,
5,4,0
5,4,1,
5,4,2,
5,4,3,
5,4,5,
5,4,6,
5,4,8,
5,4,9,
5,5,1,
5,5,2,
5,5,4,
5,5,6,
5,5,7,
5,5,8,
5,5,9,
5,6,1,
5,6,0
5,6,2,
5,6,3,
5,6,5,
5,6,6,
5,3,7,
5,6,7,
5,6,8,
5,6,9,
5,3,9,
5,4,4,
5,4,7,
5,5,0
5,5,3,
5,5,5,
5,6,4,
5,7,1,
5,7,3,
5,7,0
5,7,2,
5,7,4,
5,7,5,
5,7,6,
5,7,7,
5,7,9,
5,8,0
5,8,2,
5,8,3,
5,8,4,
5,8,5,
5,8,6,
5,8,7,
5,8,9,
5,9,0
5,9,1,
5,9,2,
5,9,3,
5,9,4,
5,9,5,
5,7,8,
5,9,6,
5,8,1,
5,9,9,
5,8,8,
5,9,7,
5,9,8,
6,00
6,03,
6,04,
6,05,
6,06,
6,07,
6,08,
6,09,
6,1,0
6,1,1,
6,1,2,
6,1,3,
6,1,4,
6,1,5,
6,1,6,
6,1,7,
6,01,
6,02,
6,1,8,
6,2,0
6,1,9,
6,2,1,
6,2,5,
6,2,6,
6,2,7,
6,2,9,
6,3,0
6,3,3,
6,3,4,
6,3,5,
6,3,6,
6,3,8,
6,4,1,
6,4,2,
6,4,3,
6,4,4,
6,2,2,
6,4,5,
6,2,4,
6,4,6,
6,4,8,
6,2,8,
6,5,0
6,5,1,
6,3,1,
6,3,2,
6,5,2,
6,5,5,
6,3,7,
6,5,7,
6,5,8,
6,6,0
6,3,9,
6,6,2,
6,6,5,
6,6,6,
6,6,7,
6,6,8,
6,6,9,
6,7,0
6,7,1,
6,7,2,
6,7,3,
6,7,4,
6,7,5,
6,7,6,
6,7,7,
6,7,8,
6,7,9,
6,8,0
6,8,1,
6,8,2,
6,8,3,
6,8,4,
6,8,5,
6,8,6,
6,8,7,
6,8,8,
6,8,9,
6,9,0
6,9,1,
6,9,2,
6,9,3,
6,9,4,
6,9,5,
6,9,7,
7,00
7,01,
6,4,7,
6,4,9,
7,03,
1,4,9,6,
7,04,
7,05,
7,06,
7,07,
7,08,
7,09,
7,1,0
7,1,1,
7,1,2,
7,1,3,
7,1,4,
7,1,6,
7,1,8,
7,1,9,
7,2,0
7,2,1,
7,2,2,
7,2,3,
6,5,3,
6,5,4,
7,2,5,
6,5,6,
7,2,6,
6,5,9,
7,2,7,
6,6,1,
7,2,8,
7,2,9,
6,6,3,
7,3,0
6,6,4,
7,3,1,
7,3,2,
7,3,3,
7,3,4,
7,3,5,
7,3,7,
7,3,6,
7,3,8,
7,4,0
7,4,2,
7,4,5,
7,4,6,
7,4,7,
7,4,8,
7,4,9,
7,5,0
7,5,1,
7,5,2,
6,9,6,
6,9,8,
6,9,9,
7,02,
7,1,5,
7,5,4,
7,5,5,
7,5,7,
7,5,8,
7,5,9,
7,6,0
7,6,1,
7,6,2,
7,6,3,
7,6,6,
7,6,8,
7,6,9,
7,7,0
7,7,1,
7,3,9,
7,4,1,
7,7,3,
7,7,4,
7,7,6,
7,7,7,
7,7,8,
7,7,9,
7,9,0
7,8,1,
7,8,2,
7,8,3,
7,8,4,
7,8,5,
7,8,6,
7,8,7,
7,8,8,
7,8,9,
7,4,3,
7,9,1,
7,4,4,
7,9,2,
1,3,2,5,
7,5,3,
7,5,6,
7,6,4,
7,9,3,
7,6,5,
7,6,7,
1,3,2,6,
7,9,4,
7,9,5,
7,9,6,
7,9,9,
7,7,5,
8,00
8,01,
7,8,0
8,02,
8,03,
8,04,
8,05,
8,06,
8,07,
8,09,
8,08,
8,1,0
8,1,2,
8,1,4,
8,1,5,
8,1,6,
8,1,7,
8,1,9,
1,3,3,1,
8,2,0
8,2,3,
8,2,5,
8,2,7,
8,2,8,
7,9,7,
7,9,8,
8,3,0
8,3,2,
8,3,3,
8,1,1,
8,1,8,
8,2,1,
8,2,2,
8,2,4,
8,2,6,
8,2,9,
8,3,1,
8,3,5,
8,3,4,
8,3,6,
8,3,8,
8,3,9,
8,4,1,
8,4,2,
8,4,3,
8,4,4,
8,3,7,
8,4,5,
8,4,0
8,4,7,
8,4,8,
8,4,9,
8,4,6,
8,5,0
8,5,1,
8,5,3,
8,5,4,
8,5,5,
8,5,6,
8,5,7,
8,5,9,
8,6,1,
8,6,2,
8,6,3,
8,6,4,
8,6,5,
8,6,7,
8,6,8,
8,6,9,
8,7,0
8,7,1,
8,7,2,
8,7,3,
8,7,6,
8,7,8,
8,7,9,
1,3,4,4,
8,8,1,
8,8,2,
1,3,4,7,
8,8,4,
8,8,5,
1,3,4,6,
8,8,8,
8,8,9,
8,9,0
8,9,1,
8,5,2,
8,9,2,
8,9,3,
8,9,4,
8,9,5,
8,5,8,
8,9,6,
8,6,0
8,9,7,
8,9,8,
8,9,9,
9,00
9,01,
9,02,
9,03,
8,7,4,
8,7,5,
9,04,
8,7,7,
9,05,
8,8,0
9,06,
1,3,4,5,
8,8,3,
1,3,4,8,
9,07,
9,08,
9,09,
9,1,0
9,1,1,
9,1,2,
9,1,3,
9,1,6,
9,1,7,
9,1,9,
9,2,0
9,2,1,
9,2,2,
9,2,3,
9,2,4,
9,2,5,
9,2,6,
9,2,7,
9,2,8,
9,2,9,
9,3,0
9,3,1,
9,3,2,
9,3,4,
9,3,5,
9,3,6,
9,3,7,
9,3,8,
9,3,9,
9,4,0
9,3,3,
9,4,1,
NULL
NULL
1,5,7,9,
1,5,8,0
9,4,2,
9,4,3,
9,4,4,
9,4,5,
9,4,6,
9,4,8,
9,5,1,
9,5,2,
9,5,3,
9,5,4,
9,5,5,
9,5,6,
9,5,7,
9,5,8,
9,6,2,
9,6,5,
9,6,6,
9,6,8,
9,6,9,
9,7,1,
9,7,3,
9,7,4,
9,7,5,
9,7,7,
9,7,8,
9,7,9,
9,8,1,
9,8,2,
9,8,3,
9,8,4,
9,8,5,
9,1,5,
9,1,4,
9,8,6,
9,1,8,
9,8,7,
9,8,8,
9,8,9,
9,9,0
9,9,1,
9,9,2,
9,9,3,
9,9,4,
9,4,7,
9,4,9,
9,9,5,
9,5,0
9,9,6,
9,9,7,
1,3,4,9,
9,5,9,
1,001,
9,6,0
9,6,1,
1,000
9,6,3,
9,6,4,
1,002,
9,6,7,
1,003,
9,7,0
9,7,6,
9,8,0
1,004,
1,005,
9,9,8,
9,9,9,
1,3,5,0
1,006,
1,007,
1,009,
1,01,0
1,01,1,
1,01,2,
1,01,5,
1,01,6,
1,01,7,
1,01,8,
1,02,0
1,02,1,
1,02,2,
1,02,3,
1,02,4,
1,02,6,
1,02,7,
1,02,9,
1,03,1,
1,03,2,
1,03,4,
1,03,5,
1,03,6,
1,03,7,
1,03,8,
1,03,9,
1,04,0
1,04,2,
1,04,3,
1,04,1,
1,04,4,
1,04,5,
1,04,6,
1,04,7,
1,05,0
1,05,1,
1,05,2,
1,05,3,
1,05,4,
1,05,5,
1,05,8,
1,05,9,
1,06,0
1,06,4,
1,06,7,
1,06,8,
1,06,9,
1,07,0
1,07,1,
1,07,2,
1,07,3,
1,07,4,
1,07,5,
1,07,6,
1,07,7,
1,07,8,
1,07,9,
1,08,0
1,08,1,
1,08,2,
1,08,3,
1,08,4,
1,08,5,
1,08,6,
1,08,7,
1,08,8,
1,08,9,
1,09,0
1,09,1,
1,09,2,
1,09,3,
1,09,4,
1,09,5,
1,09,6,
1,09,7,
1,09,8,
1,09,9,
1,1,00
1,1,01,
1,1,02,
1,1,04,
1,1,05,
1,1,06,
1,1,07,
1,1,09,
1,1,1,0
1,1,1,1,
1,1,1,2,
1,1,1,3,
1,1,1,4,
1,1,1,5,
1,1,1,6,
1,1,1,9,
1,1,2,0
1,1,2,1,
1,1,2,2,
1,1,2,3,
1,1,2,4,
1,3,3,2,
1,1,2,5,
1,1,2,6,
1,1,2,7,
1,1,2,8,
1,1,2,9,
1,1,3,0
1,1,3,1,
1,1,3,2,
1,1,3,3,
1,1,3,4,
1,1,3,5,
1,1,3,6,
1,1,3,7,
1,1,3,8,
1,1,3,9,
1,1,4,0
1,1,4,2,
1,1,4,3,
1,1,4,4,
1,1,4,5,
1,1,4,6,
1,1,4,7,
1,1,4,8,
1,1,4,9,
1,1,5,0
1,1,5,2,
1,1,5,4,
1,1,5,1,
1,1,5,3,
1,1,5,6,
1,1,5,5,
1,1,5,7,
1,1,5,8,
1,1,5,9,
1,1,6,0
1,1,6,1,
1,1,6,2,
1,1,6,3,
1,1,6,4,
1,1,6,5,
1,1,6,6,
1,1,6,7,
1,1,6,8,
1,1,6,9,
1,1,7,0
1,1,7,1,
1,1,7,2,
1,1,7,3,
1,1,7,4,
1,1,7,5,
1,1,7,6,
1,1,7,7,
1,1,7,8,
1,1,7,9,
1,1,8,0
1,1,8,1,
1,1,8,2,
1,1,8,3,
1,1,8,4,
1,1,8,5,
1,1,8,7,
1,1,8,8,
1,1,8,9,
1,1,9,0
1,1,9,1,
1,1,9,2,
1,1,9,3,
1,1,9,4,
1,1,9,5,
1,1,9,6,
1,1,9,7,
1,1,9,8,
1,1,9,9,
1,2,00
1,2,01,
1,2,02,
1,2,03,
1,2,04,
1,2,05,
1,2,06,
1,2,07,
1,2,08,
1,2,09,
1,2,1,0
1,2,1,1,
1,2,1,2,
1,2,1,3,
1,2,1,4,
1,2,1,5,
1,2,1,6,
1,2,1,7,
1,2,1,8,
1,2,1,9,
1,2,2,1,
1,2,2,0
1,3,3,3,
1,2,2,2,
1,2,2,5,
1,2,2,6,
1,2,2,4,
1,2,2,7,
1,2,2,8,
1,2,2,9,
1,2,3,0
1,2,3,1,
1,2,3,2,
1,2,3,3,
1,2,3,4,
1,2,3,6,
1,2,3,7,
1,2,3,8,
1,2,3,9,
1,2,4,0
1,2,4,1,
1,2,4,2,
1,2,4,3,
1,2,4,4,
1,2,4,5,
1,2,4,6,
1,2,5,0
1,2,4,8,
1,2,5,1,
1,2,5,2,
1,2,5,4,
1,2,5,8,
1,2,6,0
1,2,6,4,
1,2,6,9,
1,2,5,3,
1,2,5,6,
1,2,5,9,
1,2,6,2,
1,2,6,6,
1,2,7,0
1,2,7,1,
1,2,7,3,
1,2,7,5,
1,3,5,1,
1,2,7,2,
1,2,7,4,
1,2,7,7,
1,2,7,9,
1,2,8,0
1,2,8,1,
1,2,8,2,
1,2,8,4,
1,2,8,5,
1,2,8,6,
1,2,8,7,
1,2,8,9,
1,2,9,1,
1,008,
1,2,8,8,
1,2,9,3,
1,2,9,5,
1,01,4,
1,2,9,7,
1,2,9,6,
1,2,9,8,
1,01,9,
1,2,9,9,
1,3,01,
1,1,1,8,
1,02,5,
1,3,05,
1,3,09,
1,02,8,
1,03,0
1,3,00
1,3,03,
1,03,3,
1,3,07,
1,3,1,0
1,3,1,1,
1,3,1,2,
1,3,1,3,
1,3,1,5,
1,04,8,
1,3,1,6,
1,04,9,
1,3,1,9,
1,3,2,1,
1,05,6,
1,05,7,
1,06,1,
1,06,2,
1,06,3,
1,06,5,
1,06,6,
1,3,3,5,
1,1,03,
1,1,08,
1,1,1,7,
1,1,4,1,
1,1,8,6,
1,2,3,5,
1,2,4,7,
1,2,4,9,
1,2,5,5,
1,2,5,7,
1,2,6,1,
1,2,6,3,
1,2,6,5,
1,2,6,7,
1,2,6,8,
1,2,7,6,
1,2,7,8,
1,2,8,3,
1,2,9,0
1,2,9,2,
1,2,9,4,
1,3,02,
1,3,04,
1,3,06,
1,3,08,
1,3,1,4,
1,3,1,7,
1,3,1,8,
1,3,2,0
1,3,2,2,
1,3,4,1,
2,1,1,7,
2,1,1,8,
2,1,1,9,
2,1,2,0
2,1,2,1,
2,1,2,2,
2,1,2,4,
2,1,2,6,
2,1,2,8,
2,1,2,9,
2,1,3,1,
2,1,3,3,
2,1,3,4,
2,1,3,6,
2,1,3,8,
2,1,3,9,
2,1,4,1,
2,1,4,3,
2,1,4,5,
2,1,4,6,
2,1,4,8,
2,1,5,2,
2,1,5,4,
2,1,5,9,
2,1,6,0
2,1,5,6,
2,1,5,8,
2,1,6,1,
2,1,6,3,
2,1,6,4,
2,1,6,6,
2,1,6,8,
2,1,7,0
2,1,7,2,
2,1,7,4,
2,1,7,5,
2,1,7,6,
2,1,7,8,
2,1,8,0
2,1,8,2,
2,1,8,4,
2,1,8,5,
2,1,8,7,
2,1,8,9,
2,1,9,1,
2,1,9,3,
2,1,9,5,
2,1,9,6,
2,1,9,7,
2,1,9,8,
2,1,9,9,
2,2,00
2,2,01,
2,4,7,4,
2,4,7,5,
2,4,7,6,
2,4,7,7,
NULL
2,4,7,8,
2,4,7,9,
2,4,8,0
2,4,8,2,
2,4,8,4,
2,4,8,6,
2,4,8,8,
2,4,9,0
2,4,9,4,
2,4,9,5,
2,4,9,2,
2,4,9,7,
2,4,9,8,
2,4,9,9,
2,5,00
2,5,01,
2,5,02,
2,5,03,
2,5,04,
2,5,05,
2,5,07,
2,5,09,
2,5,1,1,
2,5,1,2,
2,5,1,3,
2,5,1,4,
2,5,1,5,
2,5,1,6,
2,5,1,7,
2,5,3,7,
2,5,4,7,
2,5,3,1,
2,5,5,3,
2,5,2,0
2,5,2,2,
2,5,2,4,
2,5,2,6,
2,5,2,9,
2,5,3,3,
2,5,3,5,
2,5,3,9,
2,5,4,1,
2,5,4,3,
2,5,4,5,
2,5,4,9,
2,5,5,1,
2,5,5,5,
2,5,5,7,
